%YAML:1.0
aruco_bc_nmarkers: 8
aruco_bc_mInfoType: 1
aruco_bc_markers:
   - { id:299, corners:[ [ 58e-03,
       205e-03, 0. ], [ 95e-03,
       206e-03, 0. ], [ 94e-03,
       242e-03, 0. ], [ 57e-03,
       241e-03, 0. ] ] }
   - { id:908, corners:[ [ 13e-03,
       205e-03, 0. ], [ 50e-03,
       205e-03, 0. ], [ 49.5e-03,
       241e-03, 0. ], [ 12e-03,
       240.5e-03, 0. ] ] }
   - { id:838, corners:[ [ 293.5e-03,
       16e-03, 0. ], [ 333e-03,
       16e-03, 0. ], [ 331e-03,
       52e-03, 0. ], [ 294e-03,
       52e-03, 0. ] ] }
   - { id:985, corners:[ [ 250e-03,
       15e-03, 0. ], [ 286e-03,
       15e-03, 0. ], [ 286e-03,
       51.5e-03, 0. ], [ 250e-03,
       52e-03, 0. ] ] }
   - { id:977, corners:[ [ 549e-03,
       259e-03, 0. ], [ 586e-03,
       258e-03, 0. ], [ 586e-03,
       295e-03, 0. ], [ 549.5e-03,
       296e-03, 0. ] ] }
   - { id:982, corners:[ [ 505e-03,
       259.5e-03, 0. ], [ 542e-03,
       259e-03, 0. ], [ 542e-03,
       295e-03, 0. ], [ 504e-03,
       295e-03, 0. ] ] }
   - { id:882, corners:[ [ 301e-03,
       421e-03, 0. ], [ 336e-03,
       420e-03, 0. ], [ 338e-03,
       457e-03, 0. ], [ 302e-03,
       458e-03, 0. ] ] }
   - { id:760, corners:[ [ 258e-03,
       420.5e-03, 0. ], [ 293e-03,
       421e-03, 0. ], [ 294e-03,
       458e-03, 0. ], [ 258e-03,
       458e-03, 0. ] ] }