%YAML:1.0
calibration_time: "02/04/14 16:55:52"
nframes: 25
image_width: 640
image_height: 480
board_width: 9
board_height: 6
square_size: 2.4e-02
FixAspectRatio: 1.
# flags:  +fix_aspectRatio +fix_principal_point +zero_tangent_dist
flags: 14
camera_matrix: !!opencv-matrix
   rows: 3
   cols: 3
   dt: d
   data: [ 4.1486036378770285e+002, 0., 3.1950000000000000e+002, 0.,
       4.1486036378770285e+002, 2.3950000000000000e+002, 0., 0., 1. ]
distortion_coefficients: !!opencv-matrix
   rows: 5
   cols: 1
   dt: d
   data: [ 1.7612393034231493e-002, -4.1157665768375609e-002, 0., 0.,
       2.7762412847166150e-002 ]
avg_reprojection_error: 1.9056900803119795e-001
per_view_reprojection_errors: !!opencv-matrix
   rows: 25
   cols: 1
   dt: f
   data: [ 1.98718324e-001, 1.83165893e-001, 1.96851492e-001,
       1.86847582e-001, 1.92887411e-001, 1.94515198e-001,
       1.84854195e-001, 1.98413461e-001, 1.95226327e-001,
       1.92332849e-001, 1.74440801e-001, 1.76705733e-001,
       1.84259772e-001, 2.04868853e-001, 2.03219414e-001,
       1.87350050e-001, 2.09639966e-001, 1.87669978e-001,
       1.89325556e-001, 1.95140943e-001, 1.80012122e-001,
       1.82394683e-001, 1.95214167e-001, 1.83442682e-001,
       1.81730092e-001 ]
# a set of 6-tuples (rotation vector + translation vector) for each view
extrinsic_parameters: !!opencv-matrix
   rows: 25
   cols: 6
   dt: d
   data: [ 4.6745170816172915e-003, 8.6992491393720645e-002,
       3.1254519822539986e+000, 6.9965264677646701e+001,
       4.7433283484561301e+001, 1.8780985712903475e+002,
       5.2351257577702643e-003, 8.8027400137239656e-002,
       3.1239401252267101e+000, 6.9949066584201461e+001,
       4.7389687067153758e+001, 1.8778368026538064e+002,
       5.0764876881621013e-003, 8.7319649422496690e-002,
       3.1223358059496080e+000, 6.9893527342906538e+001,
       4.7317647403554439e+001, 1.8780239282873529e+002,
       4.9487758154306656e-003, 8.5904321717141713e-002,
       3.1230125510576414e+000, 6.9871873082839613e+001,
       4.6885928106816095e+001, 1.8776922852938628e+002,
       4.9334783189173663e-003, 8.4748812501597159e-002,
       3.1247408702556183e+000, 6.9710936627713039e+001,
       4.6645933930295890e+001, 1.8782207763618311e+002,
       5.3404143687710761e-003, 8.6330073477319288e-002,
       3.1234583766416306e+000, 6.9842273542939679e+001,
       4.7023335512144143e+001, 1.8785278770715732e+002,
       4.4288891046078320e-003, 8.6948918805482736e-002,
       3.1225470102780291e+000, 6.9718137027440676e+001,
       4.7085509028363298e+001, 1.8787732005953475e+002,
       3.7944015242257147e-003, 8.8303445031713321e-002,
       3.1220719372958952e+000, 6.9365864313012693e+001,
       4.6961684496646832e+001, 1.8781442207688383e+002,
       2.1966027266529082e-003, 8.7738842045832474e-002,
       3.1201301696512322e+000, 6.8979988844181548e+001,
       4.6578115019938011e+001, 1.8801347742829401e+002,
       2.8281348233201837e-003, 8.5136155240622513e-002,
       3.1187412745006724e+000, 6.9122068512281288e+001,
       4.5573289050369794e+001, 1.8796130480932845e+002,
       3.6538756334280522e-003, 8.4304735768555489e-002,
       3.1185351366464658e+000, 6.9296675308975921e+001,
       4.5428641970644932e+001, 1.8791554317719238e+002,
       3.3689644138977818e-003, 8.3773464566807607e-002,
       3.1195977120484208e+000, 6.9218284806569656e+001,
       4.4886447824156953e+001, 1.8802484488039389e+002,
       3.2138798354036826e-003, 8.3652107448250107e-002,
       3.1189043236624823e+000, 6.9180280263784994e+001,
       4.4636182494969248e+001, 1.8805387692213040e+002,
       2.3749996260339721e-003, 8.4242917507714316e-002,
       3.1185943364059048e+000, 6.8395676071033066e+001,
       4.4572948300467459e+001, 1.8792066911835843e+002,
       9.8257910364004026e-004, 8.2673503246164556e-002,
       3.1186962501325652e+000, 6.7792909911493297e+001,
       4.4418424070016556e+001, 1.8800235461091830e+002,
       1.0933239345423563e-003, 8.3301674138146251e-002,
       3.1181402435606969e+000, 6.7612980987366768e+001,
       4.4222102902560209e+001, 1.8812592461055104e+002,
       3.6856466654320062e-004, 8.3091257422789652e-002,
       3.1183425255849033e+000, 6.7291512793418775e+001,
       4.3975951533334140e+001, 1.8815235645335341e+002,
       -2.9502990095434605e-004, 8.2317930681457360e-002,
       3.1170064033919096e+000, 6.7001292609321339e+001,
       4.3925697794298877e+001, 1.8819724437653255e+002,
       -1.1506177230487969e-003, 8.2376701838345362e-002,
       3.1150622927939269e+000, 6.6843864735662819e+001,
       4.4062584189837018e+001, 1.8821464125735804e+002,
       -8.1198285713940280e-004, 8.3917293228145645e-002,
       3.1150817000412840e+000, 6.6654840936281815e+001,
       4.3991925576507917e+001, 1.8813550333390916e+002,
       -2.4035292722181674e-003, 8.2137867821723262e-002,
       3.1142502821977223e+000, 6.6268091394774899e+001,
       4.3626221677526146e+001, 1.8827624878208215e+002,
       -7.2584592789838945e-004, 8.1418872185610905e-002,
       3.1159300527442806e+000, 6.6996619564000113e+001,
       4.3401743925614234e+001, 1.8823839233778361e+002,
       4.2388967087525009e-004, 8.2300829407115458e-002,
       3.1172224635898496e+000, 6.7254873969187159e+001,
       4.3076802448247101e+001, 1.8831836500338864e+002,
       7.3018077685834781e-004, 8.1029530090987345e-002,
       3.1162149571359712e+000, 6.7411220197828570e+001,
       4.2825887155179736e+001, 1.8826051661097435e+002,
       1.4039285795877613e-003, 8.0861359144549005e-002,
       3.1174140513722204e+000, 6.7642447133573199e+001,
       4.2722392537035979e+001, 1.8824756089299254e+002 ]
